[328976 2000000 [26, 25] 3 ]              [315555 2000000 [10, 9] 5 ]              [314989 2000000 [22, 21] 10 ]
[147223 1000000 [4, 52, 40, 21] 9 ]              [289342 2000000 [6, 5] 6 ]              [254567 2000000 [20, 23] 4 ]
[218922 2000000 [0, 44, 27] 0 ]              [423543 4000000 [2, 1] 1 ]              [322987 4000000 [18, 17] 8 ]
[313987 4000000 [14, 58, 29] 11 ]              [294790 4000000 [24, 27] 12 ]              [65432 1000000 [30, 59, 13] 17 ]
[273456 8000000 [8, 11] 2 ]              [133214 4000000 [0, 43, 41, 39, 13] 15 ]              [131674 4000000 [16, 60, 29] 13 ]
[31812 1000000 [24, 47, 7] 14 ]              [127654 8000000 [2, 44, 49, 17] 26 ]              [14352 1000000 [8, 36, 38, 19] 296 ]
[13888 1000000 [20, 42, 3] 363 ]              [108433 8000000 [16, 53, 7] 278 ]              [11812 1000000 [26, 47, 7] 246 ]
[11812 1000000 [26, 47, 7] 246 ]              [10000 1000000 [10, 35, 33, 43, 23] 7 ]              [10000 1000000 [10, 35, 33, 43, 23] 166 ]
[10000 1000000 [10, 35, 33, 43, 23] 166 ]              [10000 1000000 [10, 35, 33, 43, 23] 239 ]              [9888 1000000 [20, 42, 3] 324 ]
[9856 1000000 [14, 38, 53, 33, 1] 34 ]              [9856 1000000 [14, 38, 53, 33, 1] 106 ]              [9856 1000000 [14, 38, 53, 33, 1] 427 ]
[9856 1000000 [14, 38, 53, 33, 1] 586 ]              [8883 1000000 [28, 61, 17] 71 ]              [8883 1000000 [28, 61, 17] 143 ]
[8883 1000000 [28, 61, 17] 216 ]              [8883 1000000 [28, 61, 17] 464 ]              [8883 1000000 [28, 61, 17] 509 ]
[8883 1000000 [28, 61, 17] 554 ]              [8883 1000000 [28, 61, 17] 623 ]              [8883 1000000 [28, 61, 17] 216 ]
[8883 1000000 [28, 61, 17] 464 ]              [8883 1000000 [28, 61, 17] 509 ]              [8883 1000000 [28, 61, 17] 554 ]
[17327 2000000 [24, 49, 19] 325 ]              [16234 2000000 [24, 49, 39, 15] 498 ]              [8000 1000000 [8, 35, 5] 32 ]
[8000 1000000 [8, 35, 5] 104 ]              [8000 1000000 [8, 35, 5] 425 ]              [8000 1000000 [8, 35, 5] 584 ]
[7856 1000000 [10, 35, 33, 43, 23] 239 ]              [14789 2000000 [26, 47, 5] 275 ]              [14789 2000000 [26, 47, 5] 275 ]
[14567 2000000 [20, 50, 47, 34, 11] 235 ]              [7223 1000000 [4, 52, 40, 21] 165 ]              [7223 1000000 [4, 52, 40, 21] 238 ]
[7223 1000000 [4, 52, 40, 21] 238 ]              [14352 2000000 [6, 54, 57, 11] 296 ]              [14327 2000000 [24, 49, 19] 286 ]
[14252 2000000 [0, 32, 34, 11] 336 ]              [14252 2000000 [0, 32, 34, 11] 375 ]              [27540 4000000 [6, 54, 59, 13] 133 ]
[13734 2000000 [10, 56, 61, 19] 30 ]              [13584 2000000 [14, 37, 35, 7] 329 ]              [53498 8000000 [8, 56, 31] 18 ]
[13256 2000000 [12, 58, 31] 79 ]              [13256 2000000 [12, 58, 31] 151 ]              [13256 2000000 [12, 58, 31] 472 ]
[13256 2000000 [12, 58, 31] 517 ]              [13256 2000000 [12, 58, 31] 562 ]              [13256 2000000 [12, 58, 31] 151 ]
[13256 2000000 [12, 58, 31] 472 ]              [13256 2000000 [12, 58, 31] 517 ]              [13256 2000000 [12, 58, 31] 562 ]
[13142 2000000 [4, 54, 59, 15] 206 ]              [12999 2000000 [18, 60, 57, 9] 618 ]              [12666 2000000 [26, 45, 1] 491 ]
[25232 4000000 [6, 46, 27] 81 ]              [12584 2000000 [14, 37, 35, 7] 407 ]              [12498 2000000 [30, 55, 46, 25] 197 ]
[12498 2000000 [30, 55, 46, 25] 197 ]              [6234 1000000 [24, 49, 39, 15] 60 ]              [6234 1000000 [24, 49, 39, 15] 132 ]
[6234 1000000 [24, 49, 39, 15] 498 ]              [12314 2000000 [0, 32, 7] 253 ]              [24478 4000000 [16, 48, 27] 200 ]
[24399 4000000 [18, 60, 57, 9] 211 ]              [11999 2000000 [18, 60, 57, 9] 66 ]              [11245 2000000 [8, 56, 59, 15] 213 ]
[22425 4000000 [2, 44, 49, 19] 184 ]              [44232 8000000 [28, 57, 9] 35 ]              [21988 4000000 [22, 42, 3] 348 ]
[5432 1000000 [30, 59, 13] 237 ]              [5432 1000000 [30, 59, 13] 237 ]              [21543 4000000 [12, 38, 48, 27] 438 ]
[39988 8000000 [8, 36, 15] 46 ]              [9823 2000000 [18, 60, 57, 9] 504 ]              [4895 1000000 [30, 61, 48, 25] 41 ]
[4895 1000000 [30, 61, 48, 25] 113 ]              [4895 1000000 [30, 61, 48, 25] 434 ]              [4895 1000000 [30, 61, 48, 25] 479 ]
[4895 1000000 [30, 61, 48, 25] 593 ]              [4895 1000000 [30, 61, 48, 25] 479 ]              [9342 2000000 [30, 29] 108 ]
[9342 2000000 [30, 29] 429 ]              [9342 2000000 [30, 29] 588 ]              [9342 2000000 [30, 29] 429 ]
[9327 2000000 [24, 49, 19] 364 ]              [9314 2000000 [0, 32, 7] 180 ]              [4584 1000000 [14, 58, 55, 7] 329 ]
[8888 2000000 [8, 36, 15] 51 ]              [8888 2000000 [8, 36, 15] 123 ]              [8888 2000000 [8, 36, 15] 444 ]
[8888 2000000 [8, 36, 15] 489 ]              [8888 2000000 [8, 36, 15] 534 ]              [8888 2000000 [8, 36, 15] 603 ]
[8888 2000000 [8, 36, 15] 444 ]              [8888 2000000 [8, 36, 15] 534 ]              [17654 4000000 [12, 38, 53, 5] 72 ]
[17654 4000000 [12, 38, 53, 5] 217 ]              [17540 4000000 [6, 54, 59, 13] 544 ]              [4352 1000000 [0, 32, 34, 11] 258 ]
[4352 1000000 [0, 32, 34, 11] 335 ]              [8666 2000000 [26, 45, 1] 125 ]              [4327 1000000 [26, 49, 19] 325 ]
[4327 1000000 [26, 49, 19] 403 ]              [4327 1000000 [26, 49, 19] 286 ]              [8651 2000000 [22, 41, 39, 15] 567 ]
[8542 2000000 [22, 50, 25] 84 ]              [4252 1000000 [0, 32, 34, 11] 186 ]              [4252 1000000 [16, 53, 46, 25] 259 ]
[4252 1000000 [0, 32, 34, 11] 297 ]              [4252 1000000 [16, 53, 34, 11] 336 ]              [4252 1000000 [16, 53, 34, 11] 375 ]
[8234 2000000 [24, 49, 39, 15] 612 ]              [8231 2000000 [20, 51, 27] 156 ]              [8231 2000000 [20, 51, 27] 229 ]
[8231 2000000 [20, 51, 27] 156 ]              [8231 2000000 [20, 51, 27] 229 ]              [16234 4000000 [24, 49, 39, 15] 453 ]
[3888 1000000 [20, 42, 3] 285 ]              [3888 1000000 [20, 42, 3] 402 ]              [3888 1000000 [20, 42, 3] 285 ]
[15478 4000000 [16, 40, 23] 386 ]              [15432 4000000 [22, 42, 32, 34, 11] 617 ]              [3832 1000000 [4, 54, 57, 9] 298 ]
[3832 1000000 [0, 44, 47, 7] 337 ]              [3832 1000000 [8, 36, 38, 19] 260 ]              [3832 1000000 [2, 32, 34, 9] 298 ]
[3832 1000000 [16, 53, 34, 9] 376 ]              [15232 4000000 [6, 46, 27] 564 ]              [7534 2000000 [22, 41, 19] 64 ]
[7534 2000000 [22, 41, 19] 136 ]              [7534 2000000 [22, 41, 19] 457 ]              [7534 2000000 [22, 41, 19] 502 ]
[7534 2000000 [22, 41, 19] 547 ]              [7534 2000000 [22, 41, 19] 616 ]              [7534 2000000 [22, 41, 19] 457 ]
[7534 2000000 [22, 41, 19] 502 ]              [7534 2000000 [22, 41, 19] 547 ]              [7435 2000000 [24, 44, 3] 31 ]
[7435 2000000 [24, 44, 3] 103 ]              [7435 2000000 [24, 44, 3] 424 ]              [7435 2000000 [24, 44, 3] 583 ]
[7435 2000000 [24, 44, 3] 424 ]              [7352 2000000 [24, 49, 39, 15] 258 ]              [7345 2000000 [8, 35, 33, 43, 21] 23 ]
[7345 2000000 [8, 35, 33, 43, 21] 95 ]              [7345 2000000 [8, 35, 33, 43, 21] 416 ]              [7345 2000000 [8, 35, 33, 43, 21] 575 ]
[7345 2000000 [8, 35, 33, 43, 21] 416 ]              [14478 4000000 [16, 48, 27] 200 ]              [14352 4000000 [0, 32, 34, 11] 185 ]
[3584 1000000 [14, 58, 55, 7] 368 ]              [3584 1000000 [14, 37, 35, 7] 407 ]              [6999 2000000 [18, 60, 57, 9] 504 ]
[6999 2000000 [18, 60, 57, 9] 549 ]              [55432 16000000 [18, 48, 27] 83 ]              [13832 4000000 [0, 32, 34, 9] 260 ]
[13832 4000000 [0, 32, 34, 9] 376 ]              [13773 4000000 [16, 53, 5] 494 ]              [6832 2000000 [0, 32, 34, 9] 187 ]
[13584 4000000 [14, 37, 35, 7] 290 ]              [13535 4000000 [12, 38, 48, 27] 117 ]              [13498 4000000 [30, 55, 46, 27] 199 ]
[13425 4000000 [2, 44, 49, 19] 295 ]              [13299 4000000 [12, 38, 48, 27] 597 ]              [6626 2000000 [26, 45, 1] 446 ]
[13245 4000000 [28, 61, 40, 21] 25 ]              [13245 4000000 [28, 61, 40, 21] 418 ]              [6577 2000000 [12, 37, 29] 77 ]
[6577 2000000 [12, 37, 29] 149 ]              [6577 2000000 [12, 37, 29] 222 ]              [6577 2000000 [12, 37, 29] 470 ]
[6577 2000000 [12, 37, 29] 515 ]              [6577 2000000 [12, 37, 29] 560 ]              [6577 2000000 [12, 37, 29] 149 ]
[6577 2000000 [12, 37, 29] 222 ]              [6577 2000000 [12, 37, 29] 470 ]              [6577 2000000 [12, 37, 29] 515 ]
[6577 2000000 [12, 37, 29] 560 ]              [6543 2000000 [12, 37, 31] 76 ]              [6543 2000000 [12, 37, 31] 148 ]
[6543 2000000 [12, 37, 31] 221 ]              [6543 2000000 [12, 37, 31] 469 ]              [6543 2000000 [12, 37, 31] 514 ]
[6543 2000000 [12, 37, 31] 559 ]              [6543 2000000 [12, 37, 31] 148 ]              [6543 2000000 [12, 37, 31] 221 ]
[6543 2000000 [12, 37, 31] 469 ]              [6543 2000000 [12, 37, 31] 514 ]              [6543 2000000 [12, 37, 31] 559 ]
[6536 2000000 [26, 47, 54, 31] 22 ]              [6536 2000000 [26, 47, 54, 31] 94 ]              [6536 2000000 [26, 47, 54, 31] 415 ]
[6536 2000000 [26, 47, 54, 31] 574 ]              [6536 2000000 [26, 47, 54, 31] 415 ]              [12988 4000000 [22, 42, 3] 309 ]
[12988 4000000 [22, 42, 3] 387 ]              [12987 4000000 [18, 48, 25] 240 ]              [6454 2000000 [6, 46, 51, 23] 284 ]
[6454 2000000 [6, 46, 51, 23] 323 ]              [6454 2000000 [6, 46, 51, 23] 362 ]              [6454 2000000 [6, 46, 51, 23] 401 ]
[6454 2000000 [6, 46, 51, 23] 284 ]              [6454 2000000 [6, 46, 51, 23] 323 ]              [6454 2000000 [6, 46, 51, 23] 362 ]
[6454 2000000 [6, 46, 51, 23] 401 ]              [12748 4000000 [6, 34, 36, 13] 279 ]              [25432 8000000 [16, 60, 31] 265 ]
[12599 4000000 [12, 38, 48, 27] 483 ]              [3142 1000000 [4, 54, 59, 15] 206 ]              [12299 4000000 [12, 38, 48, 27] 45 ]
[12299 4000000 [12, 38, 48, 27] 483 ]              [12234 4000000 [24, 49, 39, 15] 543 ]              [5972 2000000 [22, 41, 60, 29] 293 ]
[5972 2000000 [22, 41, 60, 29] 332 ]              [5972 2000000 [22, 41, 60, 29] 371 ]              [5972 2000000 [22, 41, 60, 29] 410 ]
[5972 2000000 [22, 41, 60, 29] 293 ]              [5972 2000000 [22, 41, 60, 29] 332 ]              [5972 2000000 [22, 41, 60, 29] 371 ]
[5972 2000000 [22, 41, 60, 29] 410 ]              [11245 4000000 [12, 58, 55, 5] 68 ]              [11245 4000000 [12, 58, 55, 5] 213 ]
[11245 4000000 [12, 58, 55, 5] 551 ]              [22435 8000000 [28, 55, 33, 3] 168 ]              [22340 8000000 [20, 50, 47, 7] 24 ]
[5423 2000000 [14, 38, 48, 25] 21 ]              [5423 2000000 [14, 38, 48, 25] 93 ]              [5423 2000000 [14, 38, 48, 25] 414 ]
[5423 2000000 [14, 38, 48, 25] 414 ]              [21674 8000000 [16, 60, 29] 326 ]              [21457 8000000 [16, 60, 29] 404 ]
[5203 2000000 [20, 42, 1] 85 ]              [4998 2000000 [14, 58, 55, 7] 290 ]              [4989 2000000 [6, 52, 39, 15] 169 ]
[4989 2000000 [6, 52, 39, 15] 242 ]              [4989 2000000 [6, 52, 39, 15] 169 ]              [4989 2000000 [6, 52, 39, 15] 242 ]
[9922 4000000 [0, 44, 49, 39, 13] 159 ]              [9922 4000000 [0, 44, 49, 39, 13] 232 ]              [9922 4000000 [0, 44, 49, 39, 13] 159 ]
[9922 4000000 [0, 44, 49, 39, 13] 232 ]              [9888 4000000 [18, 60, 57, 9] 209 ]              [9888 4000000 [18, 60, 57, 9] 209 ]
[9863 4000000 [12, 58, 55, 5] 506 ]              [9856 4000000 [6, 34, 36, 13] 183 ]              [9856 4000000 [6, 34, 36, 13] 256 ]
[9856 4000000 [6, 34, 36, 13] 294 ]              [9856 4000000 [6, 34, 36, 13] 333 ]              [9856 4000000 [6, 34, 36, 13] 183 ]
[9856 4000000 [6, 34, 36, 13] 256 ]              [9856 4000000 [6, 34, 36, 13] 294 ]              [9856 4000000 [6, 34, 36, 13] 333 ]
[9856 4000000 [14, 38, 53, 33, 1] 427 ]              [19321 8000000 [26, 49, 19] 357 ]              [19234 8000000 [20, 41, 17] 74 ]
[4789 2000000 [26, 47, 5] 313 ]              [4789 2000000 [24, 47, 5] 352 ]              [4789 2000000 [26, 47, 5] 391 ]
[4789 2000000 [26, 47, 5] 313 ]              [4789 2000000 [26, 47, 5] 352 ]              [4789 2000000 [26, 47, 5] 391 ]
[9545 4000000 [18, 39, 13] 40 ]              [9545 4000000 [18, 39, 13] 112 ]              [9545 4000000 [18, 39, 13] 433 ]
[9545 4000000 [18, 39, 13] 478 ]              [9545 4000000 [18, 39, 13] 592 ]              [9545 4000000 [18, 39, 13] 433 ]
[9545 4000000 [18, 39, 13] 478 ]              [9532 4000000 [26, 51, 23] 207 ]              [9532 4000000 [26, 51, 23] 207 ]
[18546 8000000 [26, 45, 3] 354 ]              [9253 4000000 [16, 40, 42, 1] 57 ]              [9253 4000000 [16, 40, 42, 1] 129 ]
[9253 4000000 [16, 40, 42, 1] 450 ]              [9253 4000000 [16, 40, 42, 1] 495 ]              [9253 4000000 [16, 40, 42, 1] 540 ]
[9253 4000000 [16, 40, 42, 1] 609 ]              [9253 4000000 [16, 40, 42, 1] 450 ]              [9253 4000000 [16, 40, 42, 1] 495 ]
[9253 4000000 [16, 40, 42, 1] 540 ]              [18433 8000000 [16, 53, 7] 355 ]              [4567 2000000 [20, 50, 47, 34, 11] 37 ]
[4567 2000000 [20, 50, 47, 34, 11] 162 ]              [4567 2000000 [20, 50, 47, 34, 11] 235 ]              [4567 2000000 [20, 50, 47, 34, 11] 162 ]
[18222 8000000 [20, 41, 19] 565 ]              [8979 4000000 [14, 38, 19] 44 ]              [8979 4000000 [14, 38, 19] 116 ]
[8979 4000000 [14, 38, 19] 437 ]              [8979 4000000 [14, 38, 19] 482 ]              [8979 4000000 [14, 38, 19] 527 ]
[8979 4000000 [14, 38, 19] 596 ]              [8979 4000000 [14, 38, 19] 437 ]              [8979 4000000 [14, 38, 19] 482 ]
[8979 4000000 [14, 38, 19] 527 ]              [8888 4000000 [8, 36, 15] 489 ]              [8756 4000000 [2, 32, 54, 59, 15] 80 ]
[8756 4000000 [2, 32, 54, 59, 15] 160 ]              [8756 4000000 [2, 32, 54, 59, 15] 233 ]              [8756 4000000 [2, 32, 54, 59, 15] 160 ]
[8756 4000000 [2, 32, 54, 59, 15] 233 ]              [17433 8000000 [16, 60, 57, 9] 176 ]              [17433 8000000 [16, 60, 57, 9] 249 ]
[17433 8000000 [16, 60, 57, 9] 176 ]              [17433 8000000 [16, 60, 57, 9] 249 ]              [8654 4000000 [18, 48, 45, 1] 47 ]
[8654 4000000 [18, 48, 45, 1] 119 ]              [8654 4000000 [18, 48, 45, 1] 440 ]              [8654 4000000 [18, 48, 45, 1] 485 ]
[8654 4000000 [18, 48, 45, 1] 530 ]              [8654 4000000 [18, 48, 45, 1] 599 ]              [8654 4000000 [18, 48, 45, 1] 440 ]
[8654 4000000 [18, 48, 45, 1] 485 ]              [8654 4000000 [18, 48, 45, 1] 530 ]              [8624 4000000 [28, 55, 46, 27] 282 ]
[8624 4000000 [28, 55, 46, 27] 321 ]              [8624 4000000 [28, 55, 46, 27] 360 ]              [8624 4000000 [28, 55, 46, 27] 399 ]
[8624 4000000 [28, 55, 46, 27] 282 ]              [8624 4000000 [28, 55, 46, 27] 321 ]              [8624 4000000 [28, 55, 46, 27] 360 ]
[8624 4000000 [28, 55, 46, 27] 399 ]              [8573 4000000 [12, 58, 55, 33, 3] 28 ]              [8573 4000000 [12, 58, 55, 33, 3] 100 ]
[8573 4000000 [12, 58, 55, 33, 3] 421 ]              [8573 4000000 [12, 58, 55, 33, 3] 580 ]              [8573 4000000 [12, 58, 55, 33, 3] 421 ]
[8542 4000000 [10, 56, 61, 40, 23] 49 ]              [8542 4000000 [10, 56, 61, 40, 23] 121 ]              [8542 4000000 [10, 56, 61, 40, 23] 442 ]
[8542 4000000 [10, 56, 61, 40, 23] 487 ]              [8542 4000000 [10, 56, 61, 40, 23] 532 ]              [8542 4000000 [10, 56, 61, 40, 23] 601 ]
[8542 4000000 [10, 56, 61, 40, 23] 442 ]              [8542 4000000 [10, 56, 61, 40, 23] 487 ]              [8542 4000000 [10, 56, 61, 40, 23] 532 ]
[16983 8000000 [26, 45, 3] 203 ]              [8323 4000000 [2, 32, 54, 31] 78 ]              [8323 4000000 [2, 32, 54, 31] 150 ]
[8323 4000000 [2, 32, 54, 31] 471 ]              [8323 4000000 [2, 32, 54, 31] 516 ]              [8323 4000000 [2, 32, 54, 31] 561 ]
[8323 4000000 [2, 32, 54, 31] 150 ]              [8323 4000000 [2, 32, 54, 31] 471 ]              [8323 4000000 [2, 32, 54, 31] 516 ]
[8323 4000000 [2, 32, 54, 31] 561 ]              [8080 4000000 [20, 50, 27] 58 ]              [8080 4000000 [20, 50, 27] 130 ]
[8080 4000000 [20, 50, 27] 451 ]              [8080 4000000 [20, 50, 27] 496 ]              [8080 4000000 [20, 50, 27] 541 ]
[8080 4000000 [20, 50, 27] 610 ]              [8080 4000000 [20, 50, 27] 451 ]              [8080 4000000 [20, 50, 27] 496 ]
[8080 4000000 [20, 50, 27] 541 ]              [31923 16000000 [6, 46, 51, 21] 16 ]              [7832 4000000 [24, 49, 39, 15] 187 ]
[15646 8000000 [18, 48, 45, 3] 268 ]              [15646 8000000 [18, 48, 45, 3] 345 ]              [15637 8000000 [26, 47, 7] 349 ]
[15432 8000000 [16, 60, 31] 63 ]              [7654 4000000 [12, 38, 53, 5] 144 ]              [7654 4000000 [12, 38, 53, 5] 465 ]
[7654 4000000 [12, 38, 53, 5] 510 ]              [7654 4000000 [12, 38, 53, 5] 555 ]              [7654 4000000 [12, 38, 53, 5] 624 ]
[7654 4000000 [12, 38, 53, 5] 217 ]              [7654 4000000 [12, 38, 53, 5] 465 ]              [7654 4000000 [12, 38, 53, 5] 510 ]
[7654 4000000 [12, 38, 53, 5] 555 ]              [7651 4000000 [22, 41, 39, 15] 90 ]              [7651 4000000 [22, 41, 39, 15] 177 ]
[7651 4000000 [22, 41, 39, 15] 250 ]              [7651 4000000 [22, 41, 39, 15] 274 ]              [7651 4000000 [22, 41, 39, 15] 411 ]
[7651 4000000 [22, 41, 39, 15] 177 ]              [7651 4000000 [22, 41, 39, 15] 250 ]              [7651 4000000 [22, 41, 39, 15] 411 ]
[15234 8000000 [12, 37, 11] 535 ]              [7540 4000000 [6, 54, 59, 13] 61 ]              [7540 4000000 [6, 54, 59, 13] 454 ]
[7540 4000000 [6, 54, 59, 13] 499 ]              [7540 4000000 [6, 54, 59, 13] 544 ]              [7540 4000000 [6, 54, 59, 13] 613 ]
[7540 4000000 [6, 54, 59, 13] 454 ]              [7540 4000000 [6, 54, 59, 13] 499 ]              [3734 2000000 [10, 56, 61, 19] 102 ]
[3734 2000000 [10, 56, 61, 19] 423 ]              [3734 2000000 [10, 56, 61, 19] 582 ]              [7432 4000000 [18, 60, 31] 190 ]
[7432 4000000 [18, 60, 31] 262 ]              [7432 4000000 [18, 60, 31] 300 ]              [7432 4000000 [18, 60, 31] 339 ]
[7432 4000000 [18, 60, 31] 378 ]              [7432 4000000 [18, 60, 31] 190 ]              [7432 4000000 [18, 60, 31] 262 ]
[7432 4000000 [18, 60, 31] 300 ]              [7432 4000000 [18, 60, 31] 339 ]              [7432 4000000 [18, 60, 31] 378 ]
[29230 16000000 [6, 46, 51, 21] 175 ]              [3651 2000000 [22, 41, 39, 15] 522 ]              [3651 2000000 [22, 41, 39, 15] 567 ]
[3651 2000000 [22, 41, 39, 15] 522 ]              [1812 1000000 [24, 47, 7] 173 ]              [1812 1000000 [26, 47, 7] 173 ]
[7245 4000000 [8, 56, 59, 15] 620 ]              [14352 8000000 [2, 32, 34, 11] 185 ]              [14222 8000000 [18, 39, 43, 3] 431 ]
[14222 8000000 [18, 39, 43, 3] 590 ]              [14222 8000000 [18, 39, 43, 3] 431 ]              [6852 4000000 [26, 45, 3] 288 ]
[6852 4000000 [26, 45, 3] 327 ]              [6852 4000000 [26, 45, 3] 366 ]              [6852 4000000 [26, 45, 3] 405 ]
[6852 4000000 [26, 45, 3] 288 ]              [6852 4000000 [26, 45, 3] 327 ]              [6852 4000000 [26, 45, 3] 366 ]
[6852 4000000 [26, 45, 3] 405 ]              [6789 4000000 [20, 50, 47, 7] 39 ]              [6789 4000000 [20, 50, 47, 7] 111 ]
[6789 4000000 [20, 50, 47, 7] 432 ]              [6789 4000000 [20, 50, 47, 7] 477 ]              [6789 4000000 [20, 50, 47, 7] 591 ]
[6789 4000000 [20, 50, 47, 7] 432 ]              [6789 4000000 [20, 50, 47, 7] 477 ]              [13498 8000000 [8, 56, 29] 351 ]
[26802 16000000 [24, 47, 7] 281 ]              [26802 16000000 [24, 47, 7] 358 ]              [6666 4000000 [6, 5] 204 ]
[6666 4000000 [6, 5] 204 ]              [13256 8000000 [12, 58, 31] 224 ]              [6573 4000000 [24, 47, 54, 29] 70 ]
[6573 4000000 [24, 47, 54, 29] 142 ]              [6573 4000000 [24, 47, 54, 29] 215 ]              [6573 4000000 [24, 47, 54, 29] 463 ]
[6573 4000000 [24, 47, 54, 29] 508 ]              [6573 4000000 [24, 47, 54, 29] 553 ]              [6573 4000000 [24, 47, 54, 29] 622 ]
[6573 4000000 [24, 47, 54, 29] 215 ]              [6573 4000000 [24, 47, 54, 29] 463 ]              [6573 4000000 [24, 47, 54, 29] 508 ]
[6573 4000000 [24, 47, 54, 29] 553 ]              [26287 16000000 [8, 35, 38, 19] 400 ]              [6532 4000000 [16, 53, 33, 3] 50 ]
[6532 4000000 [16, 53, 34, 9] 122 ]              [6532 4000000 [16, 53, 34, 9] 443 ]              [6532 4000000 [16, 53, 34, 9] 488 ]
[6532 4000000 [16, 53, 34, 9] 533 ]              [6532 4000000 [16, 53, 34, 9] 602 ]              [6532 4000000 [16, 53, 34, 9] 443 ]
[6532 4000000 [16, 53, 34, 9] 488 ]              [6532 4000000 [16, 53, 34, 9] 533 ]              [25432 16000000 [30, 59, 13] 164 ]
[12674 8000000 [16, 60, 29] 326 ]              [12674 8000000 [16, 60, 29] 365 ]              [12674 8000000 [16, 60, 29] 365 ]
[12674 8000000 [16, 60, 29] 404 ]              [12646 8000000 [18, 48, 45, 3] 346 ]              [12646 8000000 [18, 48, 45, 3] 385 ]
[6243 4000000 [30, 59, 15] 188 ]              [6243 4000000 [30, 59, 15] 261 ]              [6243 4000000 [30, 59, 15] 299 ]
[6243 4000000 [30, 59, 15] 338 ]              [6243 4000000 [30, 59, 15] 377 ]              [6243 4000000 [30, 59, 15] 188 ]
[6243 4000000 [30, 57, 11] 261 ]              [6243 4000000 [28, 57, 11] 299 ]              [6243 4000000 [28, 57, 11] 338 ]
[6243 4000000 [28, 57, 11] 377 ]              [6222 4000000 [22, 41, 60, 57, 11] 210 ]              [6222 4000000 [22, 41, 60, 57, 11] 210 ]
[12435 8000000 [28, 55, 33, 3] 168 ]              [12435 8000000 [28, 55, 33, 3] 241 ]              [12435 8000000 [28, 55, 33, 3] 241 ]
[12340 8000000 [20, 50, 47, 7] 417 ]              [12340 8000000 [20, 50, 47, 7] 417 ]              [12222 8000000 [18, 39, 43, 3] 38 ]
[23987 16000000 [14, 58, 29] 170 ]              [23987 16000000 [14, 58, 29] 170 ]              [23544 16000000 [14, 58, 55, 7] 289 ]
[23544 16000000 [14, 58, 55, 7] 406 ]              [23543 16000000 [2, 1] 225 ]              [23214 16000000 [0, 43, 41, 39, 13] 174 ]
[5555 4000000 [24, 49, 17] 163 ]              [5555 4000000 [24, 49, 17] 236 ]              [5555 4000000 [24, 49, 17] 163 ]
[5555 4000000 [24, 49, 17] 236 ]              [5498 4000000 [30, 55, 46, 25] 198 ]              [5498 4000000 [30, 55, 46, 25] 198 ]
[5478 4000000 [16, 40, 23] 195 ]              [5478 4000000 [16, 40, 23] 267 ]              [5478 4000000 [16, 40, 23] 305 ]
[5478 4000000 [16, 40, 23] 344 ]              [5478 4000000 [16, 40, 21] 195 ]              [5478 4000000 [16, 40, 21] 267 ]
[5478 4000000 [16, 40, 21] 305 ]              [5478 4000000 [16, 40, 21] 344 ]              [5478 4000000 [16, 40, 21] 386 ]
[5455 4000000 [4, 46, 51, 21] 523 ]              [5455 4000000 [4, 46, 51, 21] 568 ]              [5455 4000000 [4, 46, 51, 21] 523 ]
[5455 4000000 [4, 46, 51, 21] 568 ]              [5433 4000000 [26, 45, 3] 202 ]              [5433 4000000 [26, 45, 3] 202 ]
[5432 4000000 [2, 32, 54, 29] 33 ]              [5432 4000000 [22, 42, 32, 34, 11] 65 ]              [5432 4000000 [2, 32, 54, 29] 105 ]
[5432 4000000 [22, 42, 32, 34, 11] 137 ]              [5432 4000000 [2, 32, 54, 29] 426 ]              [5432 4000000 [22, 42, 32, 34, 11] 458 ]
[5432 4000000 [22, 42, 32, 34, 11] 503 ]              [5432 4000000 [22, 42, 32, 34, 11] 548 ]              [5432 4000000 [2, 32, 54, 29] 585 ]
[5432 4000000 [2, 32, 54, 29] 426 ]              [5432 4000000 [22, 42, 32, 34, 11] 458 ]              [5432 4000000 [22, 42, 32, 34, 11] 503 ]
[5432 4000000 [22, 42, 32, 34, 11] 548 ]              [5423 4000000 [14, 38, 48, 25] 573 ]              [21532 16000000 [18, 48, 27] 228 ]
[2666 2000000 [26, 45, 1] 53 ]              [2666 2000000 [26, 45, 1] 446 ]              [2666 2000000 [26, 45, 1] 491 ]
[2666 2000000 [26, 45, 1] 536 ]              [2666 2000000 [26, 45, 1] 605 ]              [2666 2000000 [26, 45, 1] 536 ]
[5245 4000000 [30, 61, 19] 461 ]              [5232 4000000 [6, 46, 27] 153 ]              [5232 4000000 [6, 46, 27] 226 ]
[5232 4000000 [6, 46, 27] 474 ]              [5232 4000000 [6, 46, 27] 519 ]              [5232 4000000 [6, 46, 27] 153 ]
[5232 4000000 [6, 46, 27] 226 ]              [5232 4000000 [6, 46, 27] 474 ]              [5232 4000000 [6, 46, 27] 519 ]
[5232 4000000 [6, 46, 27] 564 ]              [5230 4000000 [0, 44, 27] 181 ]              [5230 4000000 [0, 44, 27] 254 ]
[5230 4000000 [0, 44, 27] 181 ]              [5230 4000000 [0, 44, 27] 254 ]              [9988 8000000 [8, 36, 15] 118 ]
[9988 8000000 [8, 36, 15] 439 ]              [9988 8000000 [8, 36, 15] 484 ]              [9988 8000000 [8, 36, 15] 529 ]
[9988 8000000 [8, 36, 15] 598 ]              [9988 8000000 [8, 36, 15] 439 ]              [9988 8000000 [8, 36, 15] 484 ]
[9988 8000000 [8, 36, 15] 529 ]              [9876 8000000 [10, 56, 31] 281 ]              [9876 8000000 [10, 56, 31] 320 ]
[9876 8000000 [10, 56, 31] 359 ]              [9876 8000000 [10, 56, 31] 398 ]              [9876 8000000 [10, 56, 31] 281 ]
[9876 8000000 [10, 56, 31] 320 ]              [9876 8000000 [10, 56, 31] 359 ]              [9876 8000000 [10, 56, 31] 398 ]
[19566 16000000 [24, 45, 3] 127 ]              [9654 8000000 [2, 44, 27] 196 ]              [9654 8000000 [2, 44, 27] 196 ]
[19230 16000000 [6, 46, 51, 21] 88 ]              [4790 4000000 [12, 38, 40, 42, 1] 171 ]              [4790 4000000 [12, 38, 40, 42, 1] 244 ]
[4790 4000000 [12, 38, 40, 42, 1] 171 ]              [4790 4000000 [12, 38, 40, 42, 1] 244 ]              [9321 8000000 [26, 49, 19] 280 ]
[9321 8000000 [26, 49, 19] 318 ]              [9321 8000000 [26, 49, 19] 357 ]              [9321 8000000 [26, 49, 19] 396 ]
[9321 8000000 [26, 49, 19] 280 ]              [9321 8000000 [26, 49, 19] 318 ]              [9321 8000000 [26, 49, 19] 396 ]
[4643 4000000 [14, 37, 9] 20 ]              [4643 4000000 [14, 37, 9] 92 ]              [4643 4000000 [14, 37, 9] 179 ]
[4643 4000000 [14, 37, 9] 252 ]              [4643 4000000 [14, 37, 9] 413 ]              [4643 4000000 [14, 37, 9] 524 ]
[4643 4000000 [14, 37, 9] 569 ]              [4643 4000000 [14, 37, 9] 572 ]              [4643 4000000 [14, 37, 9] 179 ]
[4643 4000000 [14, 37, 9] 252 ]              [4643 4000000 [14, 37, 9] 413 ]              [4643 4000000 [14, 37, 9] 524 ]
[4643 4000000 [14, 37, 9] 569 ]              [2314 2000000 [0, 32, 7] 253 ]              [2314 2000000 [0, 32, 7] 180 ]
[9234 8000000 [20, 41, 17] 146 ]              [9234 8000000 [20, 41, 17] 219 ]              [9234 8000000 [20, 41, 17] 467 ]
[9234 8000000 [20, 41, 17] 512 ]              [9234 8000000 [20, 41, 17] 557 ]              [9234 8000000 [20, 41, 17] 146 ]
[9234 8000000 [20, 41, 17] 219 ]              [9234 8000000 [20, 41, 17] 467 ]              [9234 8000000 [20, 41, 17] 512 ]
[9234 8000000 [20, 41, 17] 557 ]              [8976 8000000 [26, 25] 109 ]              [8976 8000000 [26, 25] 430 ]
[8976 8000000 [26, 25] 589 ]              [8976 8000000 [26, 25] 430 ]              [8975 8000000 [4, 46, 27] 205 ]
[8764 8000000 [28, 57, 9] 192 ]              [8764 8000000 [10, 35, 52, 17] 194 ]              [8764 8000000 [28, 57, 9] 264 ]
[8764 8000000 [10, 35, 52, 17] 266 ]              [8764 8000000 [28, 57, 9] 302 ]              [8764 8000000 [10, 35, 52, 17] 304 ]
[8764 8000000 [28, 57, 9] 341 ]              [8764 8000000 [10, 35, 52, 17] 343 ]              [8764 8000000 [28, 57, 9] 383 ]
[8764 8000000 [10, 35, 52, 17] 382 ]              [8764 8000000 [28, 57, 9] 192 ]              [8764 8000000 [10, 35, 52, 17] 194 ]
[8764 8000000 [28, 57, 9] 264 ]              [8764 8000000 [10, 35, 52, 17] 266 ]              [8764 8000000 [28, 57, 9] 302 ]
[8764 8000000 [10, 35, 52, 17] 304 ]              [8764 8000000 [28, 57, 9] 341 ]              [8764 8000000 [10, 35, 52, 17] 343 ]
[8764 8000000 [28, 57, 9] 383 ]              [8764 8000000 [10, 35, 52, 17] 382 ]              [4327 4000000 [26, 49, 19] 364 ]
[8546 8000000 [26, 45, 3] 277 ]              [8546 8000000 [26, 45, 3] 315 ]              [8546 8000000 [26, 45, 3] 354 ]
[8546 8000000 [26, 45, 3] 393 ]              [8546 8000000 [26, 45, 3] 277 ]              [8546 8000000 [26, 45, 3] 315 ]
[8546 8000000 [26, 45, 3] 393 ]              [8433 8000000 [16, 53, 7] 316 ]              [8433 8000000 [16, 53, 7] 394 ]
[8433 8000000 [16, 53, 7] 278 ]              [8433 8000000 [16, 53, 7] 316 ]              [8433 8000000 [16, 53, 7] 355 ]
[8433 8000000 [16, 53, 7] 394 ]              [16802 16000000 [24, 47, 7] 397 ]              [8343 8000000 [22, 50, 27] 73 ]
[8343 8000000 [22, 50, 27] 145 ]              [8343 8000000 [22, 50, 27] 218 ]              [8343 8000000 [22, 50, 27] 466 ]
[8343 8000000 [22, 50, 27] 511 ]              [8343 8000000 [22, 50, 27] 556 ]              [8343 8000000 [22, 50, 27] 625 ]
[8343 8000000 [22, 50, 27] 218 ]              [8343 8000000 [22, 50, 27] 466 ]              [8343 8000000 [22, 50, 27] 511 ]
[8343 8000000 [22, 50, 27] 556 ]              [8324 8000000 [24, 51, 21] 292 ]              [8324 8000000 [24, 51, 21] 331 ]
[8324 8000000 [24, 51, 21] 370 ]              [8324 8000000 [24, 51, 21] 409 ]              [8324 8000000 [24, 51, 21] 292 ]
[8324 8000000 [24, 51, 21] 331 ]              [8324 8000000 [24, 51, 21] 370 ]              [8324 8000000 [24, 51, 21] 409 ]
[16545 16000000 [4, 34, 9] 27 ]              [8222 8000000 [20, 41, 19] 82 ]              [8222 8000000 [20, 41, 19] 154 ]
[8222 8000000 [20, 41, 19] 227 ]              [8222 8000000 [20, 41, 19] 475 ]              [8222 8000000 [20, 41, 19] 520 ]
[8222 8000000 [20, 41, 19] 154 ]              [8222 8000000 [20, 41, 19] 227 ]              [8222 8000000 [20, 41, 19] 475 ]
[8222 8000000 [20, 41, 19] 520 ]              [8222 8000000 [20, 41, 19] 565 ]              [16287 16000000 [8, 35, 38, 19] 283 ]
[16234 16000000 [24, 49, 39, 15] 543 ]              [1999 2000000 [18, 60, 57, 9] 138 ]              [1999 2000000 [18, 60, 57, 9] 459 ]
[1999 2000000 [18, 60, 57, 9] 549 ]              [1999 2000000 [18, 60, 57, 9] 459 ]              [15566 16000000 [24, 45, 3] 448 ]
[3888 4000000 [20, 42, 3] 363 ]              [3888 4000000 [20, 42, 3] 402 ]              [15432 16000000 [18, 48, 27] 155 ]
[15432 16000000 [18, 48, 27] 476 ]              [15432 16000000 [18, 48, 27] 521 ]              [15432 16000000 [18, 48, 27] 566 ]
[15432 16000000 [18, 48, 27] 155 ]              [15432 16000000 [18, 48, 27] 228 ]              [15432 16000000 [18, 48, 27] 476 ]
[15432 16000000 [18, 48, 27] 521 ]              [15432 16000000 [18, 48, 27] 566 ]              [7654 8000000 [2, 44, 49, 17] 98 ]
[7654 8000000 [2, 44, 49, 17] 419 ]              [7654 8000000 [2, 44, 49, 17] 578 ]              [7654 8000000 [2, 44, 49, 17] 419 ]
[7651 8000000 [22, 41, 39, 15] 570 ]              [15232 16000000 [2, 32, 34, 11] 157 ]              [3773 4000000 [16, 53, 5] 56 ]
[3773 4000000 [16, 53, 5] 128 ]              [3773 4000000 [16, 53, 5] 449 ]              [3773 4000000 [16, 53, 5] 494 ]
[3773 4000000 [16, 53, 5] 539 ]              [3773 4000000 [16, 53, 5] 608 ]              [3773 4000000 [16, 53, 5] 449 ]
[3773 4000000 [16, 53, 5] 539 ]              [7543 8000000 [26, 47, 7] 201 ]              [7543 8000000 [26, 47, 7] 201 ]
[3734 4000000 [10, 56, 61, 19] 423 ]              [7433 8000000 [16, 60, 57, 9] 89 ]              [7433 8000000 [16, 60, 57, 9] 164 ]
[7222 8000000 [18, 39, 43, 3] 110 ]              [3584 4000000 [14, 58, 55, 7] 368 ]              [14327 16000000 [26, 49, 19] 403 ]
[3543 4000000 [2, 1] 152 ]              [3543 4000000 [2, 1] 473 ]              [3543 4000000 [2, 1] 518 ]
[3543 4000000 [2, 1] 563 ]              [3543 4000000 [2, 1] 152 ]              [3543 4000000 [2, 1] 473 ]
[3543 4000000 [2, 1] 518 ]              [3543 4000000 [2, 1] 563 ]              [7043 8000000 [6, 52, 19] 62 ]
[7043 8000000 [6, 52, 19] 134 ]              [7043 8000000 [6, 52, 19] 455 ]              [7043 8000000 [6, 52, 19] 500 ]
[7043 8000000 [6, 52, 19] 545 ]              [7043 8000000 [6, 52, 19] 614 ]              [7043 8000000 [6, 52, 19] 455 ]
[7043 8000000 [6, 52, 19] 500 ]              [7043 8000000 [6, 52, 19] 545 ]              [3498 4000000 [30, 55, 46, 27] 199 ]
[6983 8000000 [26, 45, 3] 203 ]              [6982 8000000 [28, 61, 48, 25] 172 ]              [6982 8000000 [28, 61, 48, 25] 245 ]
[6982 8000000 [28, 61, 48, 25] 287 ]              [6982 8000000 [28, 61, 48, 25] 172 ]              [6982 8000000 [28, 61, 48, 25] 245 ]
[6976 8000000 [10, 36, 13] 191 ]              [6976 8000000 [10, 36, 13] 263 ]              [6976 8000000 [10, 36, 13] 301 ]
[6976 8000000 [10, 36, 13] 340 ]              [6976 8000000 [10, 36, 13] 379 ]              [6976 8000000 [10, 36, 13] 191 ]
[6976 8000000 [10, 36, 13] 263 ]              [6976 8000000 [10, 36, 13] 301 ]              [6976 8000000 [10, 36, 13] 340 ]
[6976 8000000 [10, 36, 13] 379 ]              [13888 16000000 [20, 42, 3] 324 ]              [3425 4000000 [2, 44, 49, 19] 257 ]
[3425 4000000 [2, 44, 49, 19] 295 ]              [3425 4000000 [2, 44, 49, 19] 334 ]              [3425 4000000 [2, 44, 49, 19] 373 ]
[3425 4000000 [2, 44, 49, 19] 184 ]              [3425 4000000 [2, 44, 49, 19] 257 ]              [3425 4000000 [2, 44, 49, 19] 334 ]
[3425 4000000 [2, 44, 49, 19] 373 ]              [13544 16000000 [14, 58, 55, 7] 367 ]              [13544 16000000 [14, 58, 55, 7] 406 ]
[13256 16000000 [12, 58, 31] 224 ]              [13214 16000000 [0, 43, 41, 39, 13] 87 ]              [13214 16000000 [0, 43, 41, 39, 13] 174 ]
[3245 4000000 [0, 32, 5] 69 ]              [3245 4000000 [28, 61, 40, 21] 97 ]              [3245 4000000 [0, 32, 5] 141 ]
[3245 4000000 [0, 32, 5] 214 ]              [3245 4000000 [0, 32, 5] 462 ]              [3245 4000000 [2, 32, 5] 507 ]
[3245 4000000 [2, 32, 5] 552 ]              [3245 4000000 [28, 61, 40, 21] 577 ]              [3245 4000000 [0, 32, 5] 621 ]
[3245 4000000 [0, 32, 5] 214 ]              [3245 4000000 [28, 61, 40, 21] 418 ]              [3245 4000000 [0, 32, 5] 462 ]
[3245 4000000 [2, 32, 5] 507 ]              [3245 4000000 [2, 32, 5] 552 ]              [3008 4000000 [30, 55, 46, 25] 59 ]
[3008 4000000 [30, 55, 46, 25] 131 ]              [3008 4000000 [30, 55, 46, 25] 452 ]              [3008 4000000 [30, 55, 46, 25] 497 ]
[3008 4000000 [30, 55, 46, 25] 542 ]              [3008 4000000 [30, 55, 46, 25] 611 ]              [3008 4000000 [30, 55, 46, 25] 452 ]
[3008 4000000 [30, 55, 46, 25] 497 ]              [3008 4000000 [30, 55, 46, 25] 542 ]              [2988 4000000 [22, 42, 3] 271 ]
[2988 4000000 [22, 42, 3] 309 ]              [2988 4000000 [22, 42, 3] 348 ]              [2988 4000000 [22, 42, 3] 387 ]
[2988 4000000 [22, 42, 3] 271 ]              [2987 4000000 [18, 48, 25] 167 ]              [2987 4000000 [18, 48, 25] 240 ]
[2987 4000000 [18, 48, 25] 167 ]              [5723 8000000 [8, 56, 29] 276 ]              [5723 8000000 [8, 56, 29] 314 ]
[5723 8000000 [8, 56, 29] 353 ]              [5723 8000000 [8, 56, 29] 392 ]              [5723 8000000 [8, 56, 29] 276 ]
[5723 8000000 [8, 56, 29] 314 ]              [5723 8000000 [8, 56, 29] 353 ]              [5723 8000000 [8, 56, 29] 392 ]
[5646 8000000 [18, 48, 45, 3] 306 ]              [5646 8000000 [18, 48, 45, 3] 345 ]              [5646 8000000 [18, 48, 45, 3] 384 ]
[5646 8000000 [18, 48, 45, 3] 268 ]              [5646 8000000 [18, 48, 45, 3] 306 ]              [5646 8000000 [18, 48, 45, 3] 384 ]
[5637 8000000 [26, 47, 7] 272 ]              [5637 8000000 [26, 47, 7] 310 ]              [5637 8000000 [24, 47, 7] 349 ]
[5637 8000000 [26, 47, 7] 388 ]              [5637 8000000 [26, 47, 7] 272 ]              [5637 8000000 [26, 47, 7] 310 ]
[5637 8000000 [26, 47, 7] 388 ]              [5546 8000000 [18, 48, 45, 3] 270 ]              [5546 8000000 [18, 48, 45, 3] 308 ]
[5546 8000000 [18, 48, 45, 3] 347 ]              [5546 8000000 [18, 48, 45, 3] 389 ]              [5546 8000000 [18, 48, 45, 3] 270 ]
[5546 8000000 [18, 48, 45, 3] 308 ]              [5546 8000000 [18, 48, 45, 3] 347 ]              [5546 8000000 [18, 48, 45, 3] 389 ]
[2748 4000000 [6, 34, 36, 13] 317 ]              [2748 4000000 [6, 34, 36, 13] 356 ]              [2748 4000000 [6, 34, 36, 13] 395 ]
[2748 4000000 [6, 34, 36, 13] 279 ]              [2748 4000000 [6, 34, 36, 13] 317 ]              [2748 4000000 [6, 34, 36, 13] 356 ]
[2748 4000000 [6, 34, 36, 13] 395 ]              [5455 8000000 [4, 46, 51, 21] 19 ]              [5455 8000000 [4, 46, 51, 21] 91 ]
[5455 8000000 [4, 46, 51, 21] 178 ]              [5455 8000000 [4, 46, 51, 21] 251 ]              [5455 8000000 [4, 46, 51, 21] 412 ]
[5455 8000000 [4, 46, 51, 21] 571 ]              [5455 8000000 [4, 46, 51, 21] 178 ]              [5455 8000000 [4, 46, 51, 21] 251 ]
[5455 8000000 [4, 46, 51, 21] 412 ]              [5432 8000000 [6, 46, 51, 23] 29 ]              [5432 8000000 [28, 55, 33, 4] 43 ]
[5432 8000000 [6, 46, 51, 23] 101 ]              [5432 8000000 [28, 55, 33, 4] 115 ]              [5432 8000000 [16, 60, 31] 135 ]
[5432 8000000 [16, 60, 31] 193 ]              [5432 8000000 [16, 60, 31] 303 ]              [5432 8000000 [16, 60, 31] 342 ]
[5432 8000000 [16, 60, 31] 381 ]              [5432 8000000 [6, 46, 51, 23] 422 ]              [5432 8000000 [28, 55, 33, 4] 436 ]
[5432 8000000 [16, 60, 31] 456 ]              [5432 8000000 [28, 55, 33, 4] 481 ]              [5432 8000000 [16, 60, 31] 501 ]
[5432 8000000 [28, 55, 33, 4] 526 ]              [5432 8000000 [16, 60, 31] 546 ]              [5432 8000000 [6, 46, 51, 23] 581 ]
[5432 8000000 [28, 55, 33, 4] 595 ]              [5432 8000000 [16, 60, 31] 615 ]              [5432 8000000 [16, 60, 31] 193 ]
[5432 8000000 [16, 60, 31] 265 ]              [5432 8000000 [16, 60, 31] 303 ]              [5432 8000000 [16, 60, 31] 342 ]
[5432 8000000 [16, 60, 31] 381 ]              [5432 8000000 [6, 46, 51, 23] 422 ]              [5432 8000000 [28, 55, 33, 4] 436 ]
[5432 8000000 [16, 60, 31] 456 ]              [5432 8000000 [28, 55, 33, 4] 481 ]              [5432 8000000 [16, 60, 31] 501 ]
[5432 8000000 [28, 55, 33, 4] 526 ]              [5432 8000000 [16, 60, 31] 546 ]              [5342 8000000 [0, 32, 34, 11] 48 ]
[5342 8000000 [16, 53, 33, 3] 120 ]              [5342 8000000 [2, 32, 34, 11] 441 ]              [5342 8000000 [2, 32, 34, 11] 486 ]
[5342 8000000 [2, 32, 34, 11] 531 ]              [5342 8000000 [2, 32, 34, 11] 600 ]              [5342 8000000 [0, 32, 34, 11] 441 ]
[5342 8000000 [2, 32, 34, 11] 486 ]              [5342 8000000 [2, 32, 34, 11] 531 ]              [5242 8000000 [16, 53, 33, 3] 86 ]
[5234 8000000 [22, 50, 47, 5] 42 ]              [5234 8000000 [12, 37, 11] 52 ]              [5234 8000000 [22, 50, 47, 5] 114 ]
[5234 8000000 [12, 37, 11] 124 ]              [5234 8000000 [22, 50, 47, 5] 435 ]              [5234 8000000 [12, 37, 11] 445 ]
[5234 8000000 [22, 50, 47, 5] 480 ]              [5234 8000000 [12, 37, 11] 490 ]              [5234 8000000 [22, 50, 47, 5] 525 ]
[5234 8000000 [22, 50, 47, 5] 594 ]              [5234 8000000 [12, 37, 11] 604 ]              [5234 8000000 [22, 50, 47, 5] 435 ]
[5234 8000000 [12, 37, 11] 445 ]              [5234 8000000 [22, 50, 47, 5] 480 ]              [5234 8000000 [12, 37, 11] 490 ]
[5234 8000000 [22, 50, 47, 5] 525 ]              [5234 8000000 [12, 37, 11] 535 ]              [5232 8000000 [12, 38, 48, 27] 67 ]
[5232 8000000 [12, 38, 48, 27] 139 ]              [5232 8000000 [12, 38, 48, 27] 212 ]              [5232 8000000 [12, 38, 48, 27] 460 ]
[5232 8000000 [12, 38, 48, 27] 505 ]              [5232 8000000 [12, 38, 48, 27] 550 ]              [5232 8000000 [12, 38, 48, 27] 619 ]
[5232 8000000 [12, 38, 48, 27] 212 ]              [5232 8000000 [12, 38, 48, 27] 460 ]              [5232 8000000 [12, 38, 48, 27] 505 ]
[5232 8000000 [12, 38, 48, 27] 550 ]              [9856 16000000 [6, 34, 36, 13] 372 ]              [9856 16000000 [6, 34, 36, 13] 372 ]
[4895 8000000 [30, 61, 48, 25] 434 ]              [9631 16000000 [2, 32, 34, 11] 273 ]              [9631 16000000 [2, 32, 34, 11] 311 ]
[9631 16000000 [2, 32, 34, 11] 350 ]              [9631 16000000 [2, 32, 34, 11] 273 ]              [9631 16000000 [2, 32, 34, 11] 273 ]
[9631 16000000 [2, 32, 34, 11] 311 ]              [9631 16000000 [2, 32, 34, 11] 350 ]              [9631 16000000 [2, 32, 34, 11] 273 ]
[4789 8000000 [10, 56, 29] 291 ]              [4789 8000000 [10, 56, 29] 330 ]              [4789 8000000 [10, 56, 29] 369 ]
[4789 8000000 [10, 56, 29] 408 ]              [4789 8000000 [10, 56, 29] 291 ]              [4789 8000000 [10, 56, 29] 330 ]
[4789 8000000 [10, 56, 29] 369 ]              [4789 8000000 [10, 56, 29] 408 ]              [9544 16000000 [14, 58, 55, 7] 289 ]
[9230 16000000 [6, 46, 51, 21] 248 ]              [9230 16000000 [6, 46, 51, 21] 175 ]              [9230 16000000 [6, 46, 51, 21] 248 ]
[4455 8000000 [10, 36, 38, 19] 54 ]              [4455 8000000 [10, 36, 38, 19] 126 ]              [4455 8000000 [10, 36, 38, 19] 447 ]
[4455 8000000 [10, 36, 38, 19] 492 ]              [4455 8000000 [10, 36, 38, 19] 537 ]              [4455 8000000 [10, 36, 38, 19] 606 ]
[4455 8000000 [10, 36, 38, 19] 447 ]              [4455 8000000 [10, 36, 38, 19] 492 ]              [4455 8000000 [10, 36, 38, 19] 537 ]
[4386 8000000 [0, 32, 54, 29] 182 ]              [4386 8000000 [0, 32, 54, 29] 255 ]              [4386 8000000 [0, 32, 54, 29] 182 ]
[4386 8000000 [0, 32, 54, 29] 255 ]              [4352 8000000 [0, 32, 34, 11] 374 ]              [4352 8000000 [0, 32, 34, 11] 374 ]
[4232 8000000 [28, 57, 9] 107 ]              [4232 8000000 [28, 57, 9] 428 ]              [4232 8000000 [28, 57, 9] 587 ]
[4232 8000000 [28, 57, 9] 428 ]              [8323 16000000 [2, 32, 54, 31] 223 ]              [8323 16000000 [2, 32, 54, 31] 223 ]
[8000 16000000 [8, 35, 5] 425 ]              [1999 4000000 [18, 60, 57, 9] 211 ]              [3768 8000000 [20, 42, 32, 5] 208 ]
[3768 8000000 [20, 42, 32, 5] 208 ]              [7223 16000000 [4, 52, 40, 21] 165 ]              [3498 8000000 [8, 56, 29] 312 ]
[3498 8000000 [8, 56, 29] 351 ]              [3498 8000000 [8, 56, 29] 390 ]              [3498 8000000 [8, 56, 29] 274 ]
[3498 8000000 [8, 56, 29] 312 ]              [3498 8000000 [8, 56, 29] 390 ]              [3456 8000000 [18, 60, 29] 75 ]
[3456 8000000 [18, 60, 29] 147 ]              [3456 8000000 [8, 56, 61, 19] 161 ]              [3456 8000000 [8, 56, 61, 19] 234 ]
[3456 8000000 [18, 60, 29] 468 ]              [3456 8000000 [18, 60, 29] 513 ]              [3456 8000000 [18, 60, 29] 558 ]
[3456 8000000 [18, 60, 29] 147 ]              [3456 8000000 [8, 56, 61, 19] 161 ]              [3456 8000000 [8, 56, 61, 19] 234 ]
[3456 8000000 [18, 60, 29] 468 ]              [3456 8000000 [18, 60, 29] 513 ]              [3456 8000000 [18, 60, 29] 558 ]
[6802 16000000 [24, 47, 7] 281 ]              [6802 16000000 [24, 47, 7] 319 ]              [6802 16000000 [24, 47, 7] 358 ]
[6802 16000000 [24, 47, 7] 397 ]              [6802 16000000 [24, 47, 7] 319 ]              [6545 16000000 [4, 34, 9] 99 ]
[6545 16000000 [4, 34, 9] 420 ]              [6545 16000000 [4, 34, 9] 579 ]              [6545 16000000 [4, 34, 9] 420 ]
[3252 8000000 [2, 32, 34, 11] 158 ]              [3252 8000000 [2, 32, 34, 11] 231 ]              [3252 8000000 [2, 32, 34, 11] 158 ]
[3252 8000000 [2, 32, 34, 11] 231 ]              [6287 16000000 [8, 35, 38, 19] 283 ]              [6287 16000000 [8, 35, 38, 19] 322 ]
[6287 16000000 [8, 35, 38, 19] 361 ]              [6287 16000000 [8, 35, 38, 19] 400 ]              [6287 16000000 [8, 35, 38, 19] 322 ]
[6287 16000000 [8, 35, 38, 19] 361 ]              [6234 16000000 [24, 49, 39, 15] 453 ]              [5566 16000000 [24, 45, 3] 55 ]
[5566 16000000 [24, 45, 3] 448 ]              [5566 16000000 [24, 45, 3] 493 ]              [5566 16000000 [24, 45, 3] 538 ]
[5566 16000000 [24, 45, 3] 607 ]              [5566 16000000 [24, 45, 3] 493 ]              [5566 16000000 [24, 45, 3] 538 ]
[2674 8000000 [16, 60, 29] 287 ]              [2646 8000000 [18, 48, 45, 3] 269 ]              [2646 8000000 [18, 48, 45, 3] 307 ]
[2646 8000000 [18, 48, 45, 3] 346 ]              [2646 8000000 [18, 48, 45, 3] 385 ]              [2646 8000000 [18, 48, 45, 3] 269 ]
[2646 8000000 [18, 48, 45, 3] 307 ]              [5232 16000000 [0, 32, 34, 11] 157 ]              [5232 16000000 [0, 32, 34, 11] 230 ]
[5232 16000000 [16, 53, 34, 11] 230 ]              [1299 4000000 [12, 38, 48, 27] 438 ]              [1299 4000000 [12, 38, 48, 27] 528 ]
[1299 4000000 [12, 38, 48, 27] 528 ]              [1245 4000000 [12, 58, 55, 5] 140 ]              [1245 4000000 [12, 58, 55, 5] 506 ]
[1245 4000000 [12, 58, 55, 5] 551 ]              [1245 4000000 [12, 58, 55, 5] 461 ]              [2435 8000000 [28, 55, 33, 3] 36 ]
[2340 8000000 [20, 50, 47, 7] 96 ]              [2340 8000000 [20, 50, 47, 7] 576 ]              [4352 16000000 [16, 53, 34, 11] 335 ]
[4252 16000000 [2, 32, 34, 11] 186 ]              [4252 16000000 [0, 32, 34, 11] 259 ]              [4252 16000000 [0, 32, 34, 11] 297 ]
[3987 16000000 [14, 58, 29] 243 ]              [3987 16000000 [14, 58, 29] 243 ]              [3832 16000000 [0, 32, 34, 9] 337 ]
[3544 16000000 [14, 58, 55, 7] 328 ]              [3544 16000000 [14, 58, 55, 7] 328 ]              [3544 16000000 [14, 58, 55, 7] 367 ]
[3543 16000000 [2, 1] 225 ]              [3456 16000000 [18, 60, 29] 220 ]              [3456 16000000 [18, 60, 29] 220 ]
[3214 16000000 [0, 43, 41, 39, 13] 247 ]              [3214 16000000 [0, 43, 41, 39, 13] 247 ]              [895 8000000 [4, 46, 27] 205 ]
